2.0792031419206083
-0.2530247209744654
0.7716468198662274
-0.41961242546697086
2.6386863758765697
1.9786218863779634
1.7963183607069197
0.31588800568861863
2.0414851710921162
-1.1519696923868525
-1.3782775173578032
-0.6962108782092438
-2.921571157090258
-1.9126154374281032
3.1353063251183775
0.7465015059805662
0.7244993563306128
-2.37151741584142
2.318083623834389
2.2457908464131133
-0.21530675014597378
-0.5359095021881539
-0.9822388236586397
2.2017865471132065
-1.0010978090728857
-0.04871904565346874
0.6993540424449516
-2.362087923134297
0.6647792358521674
1.3217005611150654
-1.7428845686998902
-0.23102257132451198
-0.24673839250305019
0.41332609699555567
-1.541722057614601
-0.39446711158130965
-2.641829540112277
0.5264800094810309
0.38818078310989446
2.6355432116408624
3.0598703834613943
0.5421958306595691
2.6261137189337393
-1.6140148350358767
-2.267792996063067
0.7747899841019348
-1.9471902440208873
0.023573731767807526
-2.8178467373119056
3.028438741104318
0.5987727869023067
1.2588372764009126
2.022626185677871
-1.3719911888863878
-1.1739718420368062
-0.30017218451008043
0.9916683163657627
-2.2489340106488216
-2.0792031419206083
2.899569007440304
-1.538578893378893
2.6072547335194933
-0.12729815154615975
0.2750268706244192
3.056727219225687
-1.2336919625152514
1.6171579992715843
1.8780406308353186
2.308654131127267
-1.7648867183498438
-2.6921201678835995
1.3688480246506805
2.085489470392024
-1.397136502772049
-0.6962108782092438
0.13987080848899014
0.5862001299594763
0.9633798382443937
0.9382345243587329
-2.4909576567983103
3.009579755690072
-0.2184499143816816
2.409235386669911
-2.1577822478132997
-2.4249512078484496
2.85242154390469
-0.4919052028882467
0.10529600189620636
1.2148329771010058
2.2960814741844358
-2.770699273776291
-2.1577822478132997
-1.299698411465112
-0.4793325459454163
2.0634873207420705
2.0792031419206083
1.085963243436992
1.1079653930869453
0.058148538360591306
0.7967921337518886
2.7486971241263376
0.03300322447493009
-0.058148538360591306
2.8021309161333674
-1.7397414044641826
0.8502259257589184
1.5480083860860159
-0.08958018071766816
-2.820989901547613
0.47304621747400066
0.5296231737167383
0.5579116518381073
1.6548759701000764
2.7172654817692603
2.6638316897622305
3.0975883542898863
-0.4070397685241405
-1.717739254814229
2.2583635033559446
1.023099958722839
2.7298381387120916
0.6742087285592904
2.6355432116408624
3.028438741104318
-2.7644129453048754
0.24673839250305019
-2.4029490581984962
1.7868888679997976
-2.5349619560982175
-2.1012052915705617
-3.1195905039398397
1.6580191343357837
-2.0446283353278245
-2.2143592040560374
2.695263332119307
1.5574378787931389
1.0105273017800087
1.447427130543371
1.9409039155494723
0.2655973779172962
1.5165767437289395
1.1173948857940683
2.1766412332275458
-2.3180836238343896
-0.5924864584308915
2.3495152661914664
-1.548008386086016
1.566867371500262
1.095392736144115
-1.6171579992715843
-0.9099460462373639
-0.2813131990958344
0.20587725743885077
-1.3719911888863878
-0.5547684876023995
0.44790090358833945
-1.7617435541141362
-0.9225187031801942
-2.85242154390469
2.076059977684901
2.352658430427174
-0.35674914075281805
2.6386863758765697
-0.5327663379524461
3.075586204639933
-1.9471902440208873
1.3342732180578958
-2.494100821034018
1.1676855135653907
-1.7743162110569668
-2.1012052915705617
-0.2247362428530968
-0.38503761887418664
0.8785144038802875
-2.5601072699838783
-2.6135410619909085
-0.9130892104730712
-2.3840900727842502
-1.8120341818854584
-0.023573731767807526
-1.9911945433207943
2.7738424380119984
2.37151741584142
3.1195905039398397
0.6647792358521674
-2.5915389123409547
1.013670466015716
-2.198643382877499
-2.3935195654913732
0.5830569657237685
2.5318187918625092
-0.9508071813015633
0.4290419181740939
-0.2938858560386648
2.5538209415124635
0.7810763125733504
-1.9786218863779637
0.36617863345994106
1.1771150062725138
-2.1483527551061767
-0.41332609699555567
-1.0451021083727925
1.2211193055724205
-1.1362538712083143
-0.3756081261670636
-3.009579755690072
1.6737349555143224
-0.5610548160738151
-2.022626185677871
1.4442839663076636
1.4882882656075704
0.7842194768090578
-1.673734955514322
2.0697736492134853
1.928331258606641
-1.0388157799013773
-0.6207749365522601
1.1959739916867598
0.46675988900258547
0.12101182307474456
1.1488265281511447
-0.17444561508177436
-1.1708286778010986
-3.053584054989979
2.6921201678835995
0.061291702596299125
-0.7716468198662274
-1.494574594078986
1.4820019371361557
-2.261506667591652
2.390376401255666
-2.082346306156316
-0.19330460049602038
0.8973733892945335
0.004714746353561505
0.2938858560386648
-0.5610548160738151
-0.09900967342479072
-0.5233368452453231
-2.3369426092486356
1.8120341818854584
-0.28445636333154223
-1.1676855135653907
0.19644776473172776
-2.299224638420144
-2.038342006856409
2.428094372084157
-2.556964105748171
0.3347469911028642
1.2776962618151586
-1.3845638458292184
-0.8565122542303336
3.0975883542898863
-0.916232374708779
2.0603441565063623
1.632873820450123
-1.7743162110569668
-2.824133065783321
-1.3814206815935108
1.3217005611150654
2.547534613041048
1.4254249808934176
-0.8030784622233038
0.6867813855021208
1.984908214849379
1.7586003898784286
3.075586204639933
1.8811837950710268
1.3688480246506805
-2.3149404595986818
-0.2781700348601266
-1.309127904172235
2.2960814741844358
-0.916232374708779
-2.1357800981633464
-1.780602539528382
0.8125079549304268
-1.790032032235505
-1.3185573968793578
-1.8088910176497508
0.7873626410447656
-0.5516253233666921
2.0446283353278245
-0.4887620386525393
-2.3275131165415126
-3.02529557686861
2.4595260144412334
2.1389232623990537
1.3908501743006338
0.02986006023922272
2.1200642769848077
-0.240452064031635
0.6270612650236753
-2.0886326346277313
2.575823091162417
0.39761027581701747
0.12729815154615975
2.956145963683042
-2.8052740803690748
-0.5516253233666921
0.240452064031635
-3.0221524126329027
0.9350913601230246
0.05500537412488393
0.36303546922423324
-1.7397414044641826
0.975952495187224
1.9786218863779634
-0.5610548160738151
2.3212267880700974
-3.122733668175547
-2.5883957481052473
-2.2929383099487284
2.280365653005898
0.975952495187224
-2.028912514149286
0.8502259257589184
1.2462646194580822
1.4599997874862023
1.309127904172235
2.679547510940769
-2.1483527551061767
-0.5044778598310775
-0.8596554184660414
1.3531322034721418
-1.7240255832856444
-1.7994615249426278
-0.8407964330517954
2.151495919341884
-3.0504408907542713
-0.45104406782404727
-0.42589875393838605
0.5264800094810309
3.085015697347055
-2.4972439852697255
-1.3122710684079426
-2.475241835619772
0.5704843087809377
-0.2247362428530968
1.013670466015716
-3.0913020258184707
1.4442839663076636
-1.931474422842349
2.226931860998868
-1.0733905864941615
-0.9602366740086863
2.1577822478132997
0.5359095021881539
0.4919052028882467
-2.842992051197567
-0.259311049445881
0.8565122542303336
-1.2965552472294044
-1.7051665978713986
0.328460662631449
2.962432292154457
2.707835989062138
-2.4532396859698187
2.9875776060401185
-1.3154142326436502
-0.5044778598310775
3.1384494893540857
-2.8838531862617662
0.818794283401842
0.8156511191661342
-0.45733039629546246
-2.4123785509056193
2.380946908548543
2.465812342912649
1.2745530975794512
0.6396339219665061
1.6108716708001687
1.1393970354440217
-1.7837457037640896
3.075586204639933
2.0634873207420705
-0.14615713696040578
-1.3059847399365274
-2.4532396859698187
2.855564708140397
3.0598703834613943
0.2687405421530036
1.9251880943709336
1.4631429517219097
1.4914314298432787
1.2871257545222816
-2.3935195654913732
-1.3814206815935108
2.2929383099487284
-2.5412482845696327
-0.2027340932031434
-1.639160148921538
-2.9530027994473342
1.4034228312434642
-2.3935195654913732
-0.35360597651711023
2.4532396859698187
1.4348544736005406
-2.456382850205526
-1.683164448221445
0.4950483671239545
-1.8088910176497508
-3.0315819053400253
2.2740793245344824
-2.066630484977778
-1.8591816454210732
1.6297306562144147
-1.2714099333437432
-0.34103331957427985
-1.0199567944871313
0.9193755389444869
-0.8030784622233038
2.7644129453048754
-1.2085466486295902
0.249881556738758
2.6166842262266163
0.9916683163657627
-0.6176317723165528
1.3719911888863878
-0.40389660428843266
-2.1860707259346683
1.494574594078986
1.013670466015716
-0.5987727869023067
0.5421958306595691
-2.365231087370004
1.151969692386853
-0.5107641883024927
-2.7046928248264304
0.41332609699555567
0.32531749839574164
2.965575456390165
-1.7617435541141362
-2.0257693499135785
-2.2740793245344824
2.22378869676316
-2.7015496605907225
-1.878040630835319
-1.683164448221445
0.08329385224625252
-1.504004086786109
-2.8681373650832276
2.990720770275826
-2.855564708140397
0.8313669403446724
-0.11158233036762155
-0.08958018071766816
0.8565122542303336
-1.1959739916867598
-2.377803744312835
0.40703976852414003
-1.3939933385363414
-2.4249512078484496
1.566867371500262
2.1577822478132997
-1.6863076124571525
1.799461524942628
2.8775668577903506
-1.3845638458292184
0.4919052028882467
0.44161457511692426
2.5506777772767553
-0.06443486683200694
-0.9476640170658555
-1.3405595465293114
1.0702474222584542
1.7083097621071062
-2.255220339120237
-0.2813131990958344
-1.309127904172235
2.475241835619772
0.23102257132451198
-2.0540578280349475
2.85242154390469
1.6548759701000764
0.058148538360591306
2.86499420084752
-2.8775668577903506
-1.4379976378362485
-2.2112160398203295
-2.679547510940769
-2.663831689762231
0.40075344005272484
-2.2112160398203295
-0.24673839250305019
2.990720770275826
1.966049229435133
0.7056403709163668
-1.727168747521352
-2.179784397463253
0.2907426918029574
1.4002796670077569
-1.4757156086647403
-0.8345101045803802
1.9597629009637174
1.2211193055724205
-2.6952633321193074
0.31588800568861863
1.6894507766928601
0.16815928661035917
-1.2336919625152514
2.484671328326895
2.3683742516057116
3.094445190054178
-2.242647682177406
-1.3185573968793578
2.9530027994473347
-0.6710655643235826
1.6988802693999832
-1.9911945433207943
1.7020234336356905
-1.3594185319435572
0.7087835351520742
-1.2871257545222814
0.0267168960035149
1.6705917912786141
0.020430567532099708
1.3877070100649265
-2.6512590328194
-1.148826528151145
-2.475241835619772
2.670118018233646
0.7496446702162736
0.39761027581701747
1.3311300538221884
-0.6302044292593831
-0.249881556738758
-0.4321850824098017
0.2247362428530968
-1.834036331535412
-0.31588800568861863
0.9790956594229323
3.0535840549899786
-0.13358448001757495
-0.03614638871063791
-1.532292564907478
2.503530313741141
-1.1079653930869457
-1.2211193055724208
-0.8879438965874105
-3.009579755690072
2.842992051197567
0.6302044292593831
-1.5071472510218167
-1.771173046821259
-2.9970070987472415
2.732981302947799
2.500387149505433
-1.8120341818854584
-2.252077174884529
-2.267792996063067
-2.267792996063067
-0.12729815154615975
-0.7056403709163668
3.0881588615827633
-0.9445208528301481
-0.6804950570307056
0.9005165535302408
1.780602539528382
0.22787940708880416
1.7554572256427212
0.41961242546697086
1.0513884368442081
-0.9288050316516099
2.85242154390469
1.6485896416286607
-1.0671042580227463
1.6077285065644613
-1.8466089884782426
-0.6207749365522601
0.07072119530342214
2.3778037443128346
-2.154639083577592
-0.09586650918908335
-0.9916683163657627
-1.7868888679997974
1.7868888679997976
-1.2808394260508662
-1.0576747653156233
-0.10529600189620636
2.4060922224342036
0.06443486683200694
2.3778037443128346
-0.5390526664238613
0.35674914075281805
1.7208824190499366
-1.4820019371361555
1.0608179295513311
2.6009684050480777
-0.4761893817097085
-1.513433579493232
1.032529451429962
1.1991171559224671
2.217502368291745
2.742410795654922
-1.2808394260508662
-1.595155849621631
-0.818794283401842
-2.6386863758765697
1.0985359003798223
2.6261137189337393
2.7172654817692603
-1.8026046891783356
-0.711926699387782
-1.780602539528382
1.8308931672997044
-2.9844344418044106
0.3598923049885254
-2.635543211640862
-0.001571582117853687
-0.5893432941951837
1.6265874919787073
-0.328460662631449
1.8906132877781499
-1.8466089884782426
-0.328460662631449
-0.7967921337518886
2.1200642769848077
-1.1205380500297761
-1.6548759701000761
0.38503761887418664
3.0064365914543645
1.9880513790850864
-1.8560384811853656
-0.6742087285592904
-2.431237536319865
-2.450096521734111
-1.6077285065644613
0.2184499143816816
0.5862001299594763
1.023099958722839
1.8371794957711192
-1.2085466486295902
-0.33160382686715684
-2.5318187918625097
-0.9696661667158093
2.3149404595986818
-0.30960167721720344
0.023573731767807526
0.12415498731045194
-0.9319481958873173
-2.9970070987472415
-1.5542947145574315
-0.2875995275672496
-0.12415498731045194
0.5139073525382001
-0.16815928661035917
1.8246068388282888
-1.2525509479294974
-2.355801594662881
-2.022626185677871
2.6669748539979388
-3.063013547697102
-1.265123604872328
-2.7109791532978456
1.0010978090728857
-0.3441764838099872
-0.8502259257589184
2.4029490581984962
1.799461524942628
0.05500537412488393
-1.8183205103568738
-0.8030784622233038
0.5610548160738151
-1.3122710684079426
2.198643382877499
-1.6768781197500298
-0.9665230024801015
-1.548008386086016
1.104822228851238
-2.670118018233646
-1.7648867183498438
2.270936160298775
0.7559309986876892
-1.4285681451291254
-1.1268243785011913
0.5547684876023995
3.1007315185255937
-0.41961242546697086
0.9696661667158093
-1.353132203472142
0.8565122542303336
-0.8627985827017493
-0.8219374476375498
-2.340085773484343
-2.6166842262266163
2.37151741584142
-1.4757156086647403
-2.4626691786769412
0.5327663379524461
2.8964258432045966
0.3347469911028642
-1.8026046891783356
3.0347250695757335
0.9005165535302408
1.4882882656075704
2.1357800981633464
-1.7648867183498438
-2.54439144880534
0.33160382686715684
-0.5610548160738151
0.21530675014597378
0.011001074824976698
1.8246068388282888
1.0105273017800087
1.9723355579065487
0.10215283766049854
-1.8057478534140432
0.09272334495337553
-2.732981302947799
0.6019159511380145
-0.7936489695161808
-1.7428845686998902
-2.0886326346277313
1.5448652218503085
0.44161457511692426
-3.063013547697102
-0.30017218451008043
-3.097588354289886
0.19959092896743558
0.16815928661035917
-2.022626185677871
2.2960814741844358
-2.776985602247706
-2.484671328326895
-2.362087923134297
1.3405595465293114
3.0692998761685173
-1.1676855135653907
-1.1425401996797298
-1.5260062364360627
0.9413776885944403
2.962432292154457
-1.5102904152575243
-1.353132203472142
0.5704843087809377
-0.17758877931748218
1.3782775173578035
0.41018293275984785
-0.711926699387782
-0.9319481958873173
2.076059977684901
-2.528675627626802
-1.4662861159576173
2.0792031419206083
-0.8345101045803802
-2.431237536319865
-2.6229705546980315
0.5264800094810309
0.7433583417448584
3.113304175468424
2.8209899015476134
-1.450570294779079
-1.9534765724923027
1.7365982402284752
0.8690849111731644
-0.001571582117853687
-0.319031169924326
-0.22159307861738897
2.22378869676316
1.2871257545222816
1.1205380500297757
2.2552203391202363
-2.494100821034018
-2.5223892991553867
-1.4097091597148796
-0.7685036556305196
2.428094372084157
1.095392736144115
-3.1290199966469627
0.3127448414529108
2.6826906751764765
-0.8690849111731644
-0.08958018071766816
-0.2907426918029574
0.34731964804569504
-3.000150262982949
0.04557588141776092
0.4919052028882467
2.343228937720051
2.3840900727842502
-1.3499890392364344
-1.513433579493232
-2.9750049490972876
3.0441545622828556
-1.9974808717922097
-3.0064365914543645
0.4919052028882467
0.5233368452453231
-2.4720986713840643
-1.9000427804852726
2.6481158685836927
0.6773518927949977
2.4532396859698187
2.622970554698031
-2.1012052915705617
-1.7051665978713986
-3.113304175468424
-1.8906132877781496
1.3939933385363412
0.9288050316516099
0.8690849111731644
-2.2112160398203295
2.352658430427174
-1.2211193055724208
0.14930030119611315
-1.8403226600068272
1.4159954881862946
-1.4788587729004479
-2.1577822478132997
2.7738424380119984
-2.553820941512463
-2.2237886967631604
2.4438101932626957
1.585726356914508
2.343228937720051
-0.37246496193135625
2.000624036027917
1.3122710684079424
-0.809364790694719
-2.4343807005555727
-0.240452064031635
1.6391601489215377
1.6171579992715843
2.10434845580627
-0.4950483671239545
3.103874682761301
-1.878040630835319
-2.6386863758765697
-2.1766412332275458
-1.6517328058643685
-0.12101182307474456
-1.6517328058643685
-2.670118018233646
3.019009248397195
1.9817650506136717
2.5821094196338317
-1.4568566232504945
-1.5291494006717703
-1.406565995479172
-1.0608179295513307
-1.1802581705082213
2.566393598455294
1.8151773461211658
0.47304621747400066
2.3023678026558514
2.8304193942547364
-2.1577822478132997
-0.6302044292593831
-2.189213890170376
-0.16815928661035917
1.4159954881862946
-1.2776962618151584
0.7559309986876892
-3.135306325118378
2.566393598455294
2.252077174884529
0.2027340932031434
0.4384714108812169
-0.35360597651711023
-2.776985602247706
1.0639610937870385
-1.620301163507292
0.02986006023922272
-1.868611138128196
-2.0886326346277313
3.0127229199257792
-1.2682667691080356
-0.7622173271591044
1.466286115957617
0.44790090358833945
3.0724430404042247
2.5821094196338317
2.6292568831694467
-0.8062216264590116
-2.208072875584622
0.43532824664550906
2.418664879377034
1.994337707556502
-1.4537134590147867
0.5390526664238613
-1.4254249808934178
-2.770699273776291
-0.14615713696040578
-3.0127229199257797
-2.5695367626910013
-2.37151741584142
-0.8910870608231178
0.9099460462373639
1.8434658242425348
0.02986006023922272
2.7832719307191214
1.513433579493232
0.19016143626031257
-2.3086541311272666
-1.504004086786109
1.1111085573226536
-1.4662861159576173
-2.0100535287350403
3.0221524126329022
2.632400047405154
0.042432717182053103
0.3221743341600338
2.846135215433274
-1.8843269593067344
2.1357800981633464
-2.1106347842776847
2.3212267880700974
-0.818794283401842
2.4595260144412334
-1.299698411465112
2.6261137189337393
1.7303119117570596
1.5071472510218165
2.3872332370199576
-2.858707872376105
3.0504408907542713
2.0917757988634387
-2.956145963683042
0.0267168960035149
-2.54439144880534
2.6355432116408624
0.4447577393526321
-1.2336919625152514
2.1483527551061767
0.30017218451008043
-1.6077285065644613
3.103874682761301
-2.1169211127491003
1.8843269593067342
-2.047771499563532
0.6867813855021208
-0.2278794070888046
1.1582560208582677
-1.1896876632153444
0.44790090358833945
-2.3935195654913732
-0.2561678852101732
0.6836382212664134
-2.846135215433274
2.465812342912649
-2.1169211127491003
2.808417244604782
2.9435733067402117
0.8816575681159948
-2.252077174884529
-0.721356192094905
-0.749644670216274
-0.2907426918029574
-2.946716470975919
0.2875995275672496
-0.2278794070888046
-2.43752386479128
-2.346372101955758
1.2776962618151586
2.5506777772767553
-2.6009684050480777
2.399805893962788
-0.7905058052804734
1.8560384811853652
2.836705722726151
-0.9790956594229319
-1.004240973308593
-2.6135410619909085
1.790032032235505
1.9629060651994257
0.9885251521300553
0.15558662966752834
2.742410795654922
-1.6485896416286607
2.2300750252345756
2.7455539598906293
-1.868611138128196
-3.113304175468424
-1.1676855135653907
2.214359204056037
-0.6742087285592904
0.07072119530342214
0.39761027581701747
-1.2745530975794508
-2.6292568831694467
-0.7905058052804734
-3.1038746827613015
2.4123785509056193
2.5726799269267087
2.6732611824693535
2.252077174884529
-0.3913239473456023
-1.6140148350358767
1.9031859447209802
2.204929711348914
-0.5264800094810309
-0.693067713973536
1.6957371051642758
-0.5673411445452303
1.0168136302514235
-0.6773518927949977
2.362087923134297
-1.0419589441370851
0.6679224000878747
0.058148538360591306
1.6171579992715843
-2.833562558490444
-1.3688480246506802
1.076533750729869
2.4972439852697255
-1.1834013347439292
-0.916232374708779
0.08958018071766771
2.4595260144412334
3.0127229199257792
-1.4379976378362485
-1.585726356914508
-3.0913020258184707
-2.5349619560982175
-2.6732611824693535
2.380946908548543
1.0168136302514235
-0.8942302250588257
-0.6836382212664134
-1.6077285065644613
1.6863076124571528
1.2776962618151586
2.0446283353278245
1.9880513790850864
-0.8062216264590116
0.5641979803095225
-2.2646498318273593
-0.41646926123126304
0.03300322447493009
-1.868611138128196
2.528675627626802
0.6962108782092438
-2.839848886961859
1.8214636745925814
2.3966627297270806
-1.3594185319435572
-1.3908501743006338
-2.921571157090258
-1.1425401996797298
-0.8942302250588257
-2.4972439852697255
1.5448652218503085
2.0823463061563157
1.8466089884782422
1.2211193055724205
1.14254019967973
-0.9822388236586397
0.799935297987596
-0.652206578909337
0.08643701648196034
-2.252077174884529
2.5412482845696323
0.2750268706244192
2.679547510940769
-1.9283312586066415
-1.6140148350358767
3.1101610112327167
2.3400857734843434
0.8942302250588252
2.9310006497973804
2.7927014234262444
-0.35046281228140286
0.4290419181740939
-2.2363613537059908
-2.0697736492134853
-2.0792031419206083
0.6082022796094297
-2.440667029026988
1.7648867183498433
1.4159954881862946
0.809364790694719
-0.23102257132451198
0.309601677217203
2.3117972953629744
0.15244346543182097
-2.86499420084752
-1.5982990138573385
0.5296231737167383
1.966049229435133
-2.179784397463253
-1.0010978090728857
0.6647792358521674
-1.9786218863779637
1.6894507766928601
-0.7056403709163668
2.242647682177406
-1.123681214265484
-0.4887620386525393
-3.0315819053400253
0.7967921337518886
0.13672764425328277
2.3589447588985886
2.003767200263625
-3.135306325118378
-2.27722248877019
2.688977003647892
-2.7927014234262444
-2.965575456390165
0.7873626410447656
-2.54439144880534
-2.3180836238343896
-2.3935195654913732
-0.9979546448371779
1.7460277329355982
-0.19644776473172776
-0.702497206680659
0.7936489695161808
-0.23730889979592718
2.151495919341884
-1.441140802071956
-2.2206455325274526
2.233218189470283
-0.41961242546697086
-0.10215283766049854
-2.54439144880534
1.0451021083727925
0.633347593495091
3.103874682761301
-1.1896876632153444
-2.4343807005555727
-1.0891064076726997
2.6544021970551075
-2.333799445012928
-3.1195905039398397
-1.9629060651994255
-0.04557588141776092
2.855564708140397
-1.7051665978713986
2.846135215433274
-1.557437878793139
-1.8371794957711196
0.5296231737167383
0.8219374476375498
-1.7868888679997974
-1.1079653930869457
-3.0913020258184707
2.5066734779768485
-0.7527878344519814
2.3400857734843434
1.0671042580227459
2.4972439852697255
2.289795145713021
-2.9687186206258724
-0.7873626410447656
2.076059977684901
-1.887470123542442
-0.023573731767807526
2.3778037443128346
-1.6171579992715843
3.0724430404042247
-2.085489470392024
-2.072916813449193
-1.2494077836937896
0.8030784622233038
2.8869963504974736
1.2179761413367132
-1.4128523239505872
-0.011001074824976698
-2.2646498318273593
-0.42589875393838605
1.1582560208582677
2.1106347842776847
1.5260062364360625
-1.1393970354440222
-1.5008609225504015
0.10215283766049854
0.21530675014597378
1.6768781197500298
0.5390526664238613
-0.6616360716164595
-0.40389660428843266
-0.4636167247668781
2.512959806448264
-3.1101610112327167
2.5601072699838783
-2.7927014234262444
0.24673839250305019
-0.9476640170658555
-0.7056403709163668
2.299224638420144
2.1169211127491003
-0.2561678852101732
-0.05500537412488393
2.824133065783321
-2.6292568831694467
1.1802581705082211
-2.1766412332275458
1.966049229435133
0.328460662631449
-1.1519696923868525
0.12729815154615975
-1.0356726156656695
2.6072547335194933
-0.20587725743885077
2.670118018233646
-2.8052740803690748
-0.7905058052804734
-2.0257693499135785
-2.1420664266347615
2.1357800981633464
-2.6858338394121843
-1.8371794957711196
2.8021309161333674
0.4541872320597551
0.6207749365522601
0.37875129040277145
-1.1959739916867598
-1.1551128566225604
2.3023678026558514
-2.2583635033559446
2.3149404595986818
1.9817650506136717
1.104822228851238
1.0105273017800087
-1.7774593752926744
1.7931751964712124
0.2027340932031434
0.7150698636234898
1.4599997874862023
0.8659417469374571
-3.019009248397195
1.2871257545222816
0.7496446702162736
1.761743554114136
-1.9629060651994255
0.9099460462373639
-2.164068576284715
-2.566393598455294
0.9728093309515167
-1.0985359003798227
3.1290199966469627
-2.1766412332275458
0.15244346543182097
-1.2776962618151584
-0.3064585129814956
-0.16815928661035917
-1.1739718420368062
-2.934143814033088
3.0441545622828556
-1.7051665978713986
-0.4070397685241405
-1.9440470797851797
2.2489340106488216
2.7361244671835063
0.23102257132451198
-1.7586003898784284
2.7958445876619518
-1.6548759701000761
-0.6239181007879679
-2.2206455325274526
1.4820019371361557
-2.742410795654922
-2.8838531862617662
-0.36617863345994106
0.38818078310989446
2.5978252408123703
0.43218508240980125
-2.4249512078484496
0.3504628122814024
0.4604735605311703
0.15872979390323616
1.1456833639154373
0.8407964330517954
1.651732805864368
1.2085466486295902
-0.9696661667158093
0.6962108782092438
1.8497521527139504
-0.9916683163657627
-1.3688480246506802
1.0451021083727925
2.1923570544060835
-1.387707010064926
-2.714122317533553
-1.5888695211502155
1.1551128566225604
-0.9445208528301481
1.604585342328754
-3.1007315185255937
1.2368351267509592
-0.07072119530342214
-1.3468458750007268
2.0509146637992393
0.4699030532382933
-2.198643382877499
2.9875776060401185
1.47571560866474
0.309601677217203
-1.5291494006717703
-0.6962108782092438
1.0513884368442081
1.0356726156656695
1.7271687475213522
0.5547684876023995
1.2085466486295902
-1.5448652218503085
-0.5296231737167387
1.7931751964712124
-0.2341657355602198
-0.14301397272469796
2.981291277568703
1.642303313157245
0.03928955294634573
-1.4128523239505872
-2.038342006856409
-1.6768781197500298
-2.4689555071483564
-0.4824757101811237
2.8775668577903506
2.5161029706839715
-2.0006240360279173
2.365231087370004
1.4820019371361557
0.4384714108812169
-0.2938858560386648
-2.8775668577903506
2.0351988426207015
2.8587078723761046
1.4537134590147867
1.004240973308593
-1.076533750729869
-1.4474271305433715
2.2206455325274526
-0.2907426918029574
-1.7051665978713986
-2.566393598455294
-0.5799138014880607
0.328460662631449
-0.13987080848899014
-2.6009684050480777
0.6459202504379213
-0.4824757101811237
0.966523002480101
-0.007857910589269324
1.7177392548142292
1.651732805864368
-0.011001074824976698
-1.576296864207385
0.36617863345994106
-2.6575453612908153
-1.158256020858268
-1.4788587729004479
0.6176317723165528
-0.07700752377483733
-0.7810763125733504
1.7114529263428135
-2.85242154390469
1.8748974665996112
0.5044778598310775
1.7743162110569664
-2.362087923134297
1.9157586016638106
-1.7523140614070132
0.8848007323517022
-0.2907426918029574
2.17035490475613
0.00785791058926888
1.14254019967973
-0.07386435953912951
-2.7204086460049686
2.751840288362045
0.5390526664238613
2.9121416643831353
-1.2619804406366202
0.7810763125733504
-0.847082761523211
2.2300750252345756
1.7868888679997976
2.4249512078484496
0.259311049445881
0.5013346955953697
-2.421808043612742
-1.202260320158175
-2.934143814033088
1.1802581705082211
-1.7523140614070132
-0.8313669403446728
0.6396339219665061
-1.4191386524220027
0.3221743341600338
1.5982990138573383
-0.9790956594229319
2.0414851710921162
2.189213890170376
0.45104406782404727
-2.1389232623990537
0.02986006023922272
1.3751343531220952
-0.9728093309515167
-1.9126154374281032
-1.3028415757008196
2.5915389123409547
-2.4909576567983103
2.890139514733181
-1.6863076124571525
-1.5605810430288467
0.7685036556305196
-1.9817650506136715
2.1389232623990537
0.8879438965874105
0.2530247209744654
-2.626113718933739
-1.3122710684079426
-2.0100535287350403
3.0221524126329022
0.7559309986876892
-0.916232374708779
-0.04557588141776092
-2.635543211640862
-2.267792996063067
-2.27722248877019
1.1834013347439294
1.9126154374281032
-1.9063291089566878
-0.3441764838099872
3.1007315185255937
3.113304175468424
-0.4290419181740939
-1.9660492294351333
1.4820019371361557
-0.6050591153737219
1.74288456869989
-3.135306325118378
-0.19330460049602038
-2.1074916200419773
-2.770699273776291
0.828223776108965
0.6773518927949977
1.032529451429962
2.3935195654913732
-0.7590741629233966
2.7109791532978456
-2.3369426092486356
-0.2718837063887114
-0.5201936810096157
-1.6234443277429997
2.3055109668915588
-2.0100535287350403
0.5610548160738151
0.14301397272469796
-0.818794283401842
0.11158233036762155
1.0828200792012845
-0.051862209889176114
2.707835989062138
0.5390526664238613
1.5354357291431855
-2.182927561698961
2.43752386479128
-0.40389660428843266
-0.9759524951872245
-0.6019159511380145
2.7927014234262444
0.09900967342479072
3.0347250695757335
-1.3814206815935108
2.8492783796689816
2.208072875584622
-2.352658430427174
2.9435733067402117
-0.7810763125733504
2.5349619560982175
-0.6742087285592904
1.984908214849379
-1.3217005611150656
-0.5484821591309843
0.6584929073807522
0.4919052028882467
1.2022603201581745
-1.1456833639154373
-1.8151773461211662
2.047771499563532
-0.10215283766049854
-2.3840900727842502
-2.1012052915705617
2.9121416643831353
0.240452064031635
-2.528675627626802
1.614014835035877
1.604585342328754
-0.011001074824976698
0.8250806118732572
-2.280365653005898
-1.0513884368442081
0.6176317723165528
1.9723355579065487
0.8156511191661342
-1.0576747653156233
-0.4950483671239545
1.4222818166577103
-2.1137779485133925
1.761743554114136
-1.007384137544301
2.808417244604782
0.001571582117853687
2.9875776060401185
2.0886326346277313
-0.7559309986876892
-0.8722280754088723
-2.688977003647892
-3.0881588615827633
0.18701827202460475
-2.1389232623990537
1.5794400284430923
1.2211193055724205
1.0608179295513311
1.2871257545222816
0.6270612650236753
-0.9696661667158093
0.5327663379524461
1.5008609225504017
-0.3033153487457878
1.6297306562144147
2.418664879377034
2.123207441220515
-1.1991171559224674
-0.32531749839574164
1.642303313157245
2.1106347842776847
-2.956145963683042
-1.9817650506136715
-0.21530675014597378
0.33160382686715684
-1.6360169846858303
2.4406670290269874
2.3872332370199576
-2.912141664383135
-2.8021309161333674
-1.727168747521352
-1.4537134590147867
-0.03614638871063791
0.18073194355318956
1.3437027107650188
0.6962108782092438
1.8403226600068274
-1.9063291089566878
-0.2561678852101732
1.4285681451291259
1.318557396879358
-0.809364790694719
2.217502368291745
-0.35360597651711023
2.0069103644993325
0.4699030532382933
-1.3217005611150656
3.1195905039398397
0.9256618674159016
-2.3306562807772204
-0.721356192094905
-0.41961242546697086
2.5632504342195856
-0.2624542136815884
-2.362087923134297
1.280839426050866
0.5610548160738151
0.9350913601230246
2.3872332370199576
1.5480083860860159
-0.9885251521300549
-0.38818078310989446
-2.6009684050480777
-2.362087923134297
-0.058148538360591306
0.9099460462373639
-1.639160148921538
-2.742410795654922
1.6643054628071994
1.0482452726084999
1.8026046891783354
2.0634873207420705
-1.0545316010799155
0.16501612237465135
2.5601072699838783
1.8214636745925814
-1.1896876632153444
1.032529451429962
-1.504004086786109
2.4595260144412334
1.290268918757989
-0.36932179769564843
-1.9157586016638108
-2.182927561698961
1.576296864207385
-0.9790956594229319
1.3814206815935108
2.0980621273348543
-0.001571582117853687
-0.15244346543182097
0.18387510778889737
-2.670118018233646
2.242647682177406
-2.2143592040560374
-1.6517328058643685
0.40703976852414003
-1.7774593752926744
-0.4950483671239545
1.123681214265484
-0.652206578909337
-1.940903915549472
-0.268740542153004
-0.9319481958873173
-0.058148538360591306
-0.08958018071766816
2.324369952305805
0.309601677217203
-0.9539503455372706
-0.35360597651711023
2.186070725934669
2.1734980689918375
0.7087835351520742
-0.702497206680659
-0.6239181007879679
0.8345101045803802
2.956145963683042
1.7586003898784286
2.2363613537059903
0.4384714108812169
-2.428094372084157
2.204929711348914
-0.20587725743885077
0.5327663379524461
-3.0661567119328095
-2.937286978268796
-1.7994615249426278
1.8874701235424416
-2.198643382877499
-1.3059847399365274
2.151495919341884
1.1739718420368064
-2.028912514149286
-2.076059977684901
-0.268740542153004
-0.6019159511380145
-2.572679926926709
1.5291494006717699
-2.0069103644993325
-2.484671328326895
0.17444561508177436
0.7370720132734432
2.428094372084157
-2.1860707259346683
-0.19016143626031257
0.259311049445881
-1.4034228312434645
-3.0850156973470555
0.4541872320597551
0.4541872320597551
-0.7842194768090578
-2.5318187918625097
-1.9157586016638108
1.9974808717922095
-2.4720986713840643
-2.9530027994473342
-2.3809469085485424
0.693067713973536
-1.2211193055724208
0.9539503455372706
-0.08958018071766816
-0.2561678852101732
-2.8995690074403044
-0.31588800568861863
0.7244993563306128
2.8052740803690748
2.1200642769848077
-2.362087923134297
-3.1290199966469627
-3.0881588615827633
-1.4631429517219097
1.3971365027720486
-2.770699273776291
0.16501612237465135
-0.4227555897026787
2.908998500147427
-0.268740542153004
2.5915389123409547
-0.2184499143816816
-2.9152848286188426
1.318557396879358
-1.1896876632153444
-2.776985602247706
-1.6234443277429997
-2.7895582591905366
-1.255694112165205
2.5066734779768485
-2.8178467373119056
-2.440667029026988
-2.8744236935546432
-0.8345101045803802
-2.538105120333925
0.8125079549304268
-0.40389660428843266
1.9974808717922095
-0.9570935097729785
0.17130245084606655
-1.8308931672997044
1.6454464773929534
-3.107017846997009
-1.2148329771010056
2.0823463061563157
-0.5484821591309843
-0.9916683163657627
1.1299675427368987
1.9031859447209802
-0.9979546448371779
-1.026243122958547
0.8250806118732572
-1.5102904152575243
0.6113454438451371
-2.9844344418044106
0.10843916613191373
2.3966627297270806
-2.8618510366118124
1.827750003063997
-1.620301163507292
-1.1771150062725138
2.9404301425045034
0.7087835351520742
-0.10529600189620636
2.5223892991553862
-1.6045853423287537
-2.842992051197567
2.993863934511534
2.695263332119307
-2.6009684050480777
1.614014835035877
1.6077285065644613
-1.7208824190499368
-2.5129598064482637
0.2781700348601266
-0.39446711158130965
-2.5129598064482637
0.6019159511380145
1.790032032235505
0.6962108782092438
0.004714746353561505
0.12729815154615975
1.9691923936708404
-1.3594185319435572
2.604111569283785
-0.41018293275984785
-0.41961242546697086
2.2677929960630676
-0.36617863345994106
-1.0891064076726997
1.4882882656075704
0.2687405421530036
0.08958018071766771
-2.242647682177406
2.1452095908704694
3.019009248397195
-1.9094722731923954
-2.9530027994473342
1.4914314298432787
-2.902712171676012
1.0010978090728857
0.9068028820016565
-0.9476640170658555
-0.43532824664550906
0.9319481958873173
1.8874701235424416
-1.016813630251424
-1.3562753677078496
1.9880513790850864
-1.8214636745925814
-0.9948114806014701
0.6459202504379213
1.5197199079646468
-3.097588354289886
-0.6113454438451376
2.4783849998554794
1.4222818166577103
2.1106347842776847
-0.7339288490377354
0.4636167247668781
-0.9633798382443937
-0.8219374476375498
1.4505702947790793
-0.2090204216745586
-2.0697736492134853
1.456856623250494
-1.5102904152575243
1.2651236048723282
0.7276425205663202
-1.6580191343357837
-3.0315819053400253
1.2682667691080356
2.4312375363198653
-2.8272762300190286
-2.5318187918625097
-2.833562558490444
-2.575823091162417
1.6894507766928601
-2.654402197055108
-1.7586003898784284
-0.9602366740086863
2.962432292154457
3.085015697347055
0.47304621747400066
-3.0724430404042247
1.4537134590147867
1.032529451429962
2.956145963683042
-0.7150698636234898
0.7559309986876892
3.0252955768686105
-1.1519696923868525
-0.6679224000878752
0.4447577393526321
0.3504628122814024
-2.43752386479128
-2.198643382877499
1.2965552472294046
-0.17444561508177436
0.799935297987596
0.8345101045803802
-2.5789662553981243
-1.8371794957711196
2.861851036611813
1.0639610937870385
1.299698411465112
1.5920126853859236
-2.9781481133329955
-0.4479009035883399
-1.2431214552223744
1.7963183607069197
1.4788587729004474
2.6921201678835995
-0.9602366740086863
1.1645423493296834
2.4249512078484496
-3.019009248397195
0.15558662966752834
0.9350913601230246
1.5417220576146011
0.41332609699555567
-2.836705722726151
1.2179761413367132
1.3939933385363412
1.6108716708001687
3.0818725331113477
2.6292568831694467
-0.5296231737167387
-0.3221743341600338
-2.2489340106488216
-2.6292568831694467
2.019483021442163
1.5448652218503085
-2.5318187918625097
0.40703976852414003
2.186070725934669
-2.9592891279187494
0.328460662631449
0.8439395972875032
0.10843916613191373
3.0252955768686105
0.44161457511692426
1.3877070100649265
2.1766412332275458
-1.8151773461211662
0.6993540424449516
2.336942609248635
2.8587078723761046
1.761743554114136
-1.7397414044641826
0.957093509772978
0.001571582117853687
-1.9000427804852726
0.2184499143816816
-0.4824757101811237
3.0881588615827633
-1.7083097621071062
-2.748697124126337
-1.7303119117570596
-0.5862001299594763
0.5767706372523533
-1.1111085573226531
2.742410795654922
-1.095392736144115
-0.28445636333154223
0.2907426918029574
-2.289795145713021
-2.0006240360279173
0.7339288490377354
-0.171302450846067
-2.2489340106488216
1.2588372764009126
1.3877070100649265
-2.459526014441234
0.16187295813894398
0.7433583417448584
1.984908214849379
-1.7145960905785214
0.5327663379524461
3.037868233811441
0.702497206680659
-2.4029490581984962
-1.1771150062725138
-0.5830569657237685
0.5610548160738151
-0.7967921337518886
1.085963243436992
-2.786415094954829
-1.683164448221445
-2.450096521734111
-0.6270612650236758
-1.746027732935598
3.003293427218656
-0.6647792358521674
-1.548008386086016
0.6616360716164595
-0.9413776885944403
-0.5139073525382001
-2.6481158685836927
-2.7109791532978456
3.009579755690072
0.7370720132734432
-1.8811837950710266
-1.7020234336356908
-0.7559309986876892
1.3154142326436506
-0.7747899841019348
0.08329385224625252
-2.8869963504974736
-0.05500537412488393
-0.042432717182053103
-2.820989901547613
-0.6679224000878752
-1.7586003898784284
0.9036597177659482
-0.5924864584308915
2.6386863758765697
0.18073194355318956
-0.4227555897026787
1.5542947145574315
-0.6176317723165528
2.1546390835775924
3.13216316088267
-1.8151773461211662
-1.9911945433207943
2.8209899015476134
2.3023678026558514
-3.0504408907542713
0.9413776885944403
-0.43532824664550906
-2.1326369339276385
-0.2561678852101732
1.9723355579065487
-1.5700105357359697
1.8906132877781499
0.8439395972875032
-1.494574594078986
-1.9157586016638108
-2.836705722726151
-3.0692998761685173
-3.015866084161487
0.4950483671239545
-2.076059977684901
0.4290419181740939
-1.1991171559224674
2.761269781069168
-0.5013346955953697
-1.6957371051642756
-0.47304621747400066
-3.141592653589793
-1.9880513790850867
0.2027340932031434
-0.5359095021881539
2.5632504342195856
-0.2813131990958344
1.752314061407013
-0.7873626410447656
1.0796769149655763
-2.261506667591652
-0.2938858560386648
-1.6643054628071992
-1.3405595465293114
-2.37151741584142
3.0881588615827633
0.08015068801054515
1.2934120829936964
-0.9413776885944403
2.6575453612908158
2.789558259190537
2.7927014234262444
-0.44161457511692426
0.3347469911028642
-2.2049297113489144
3.0818725331113477
-2.9089985001474274
0.011001074824976698
-0.5987727869023067
1.1708286778010981
-1.016813630251424
-1.0576747653156233
-1.6674486270429068
2.7644129453048754
2.390376401255666
-1.3028415757008196
-0.21530675014597378
1.3248437253507728
-1.5605810430288467
-2.1326369339276385
-2.934143814033088
-3.02529557686861
-3.02529557686861
-0.5579116518381073
2.3212267880700974
-2.5035303137411407
-1.7617435541141362
-0.6459202504379213
1.9534765724923027
2.390376401255666
0.5987727869023067
-2.324369952305805
-0.3347469911028642
2.242647682177406
0.4981915313596619
1.3499890392364344
0.34731964804569504
-1.3248437253507732
-2.842992051197567
2.2929383099487284
2.613541061990908
0.6836382212664134
-1.0513884368442081
2.827276230019028
2.5443914488053405
-1.8088910176497508
-1.1205380500297761
-2.6009684050480777
-1.0891064076726997
2.503530313741141
-0.6773518927949977
-1.6643054628071992
0.07072119530342214
-2.6103978977552007
0.3221743341600338
1.1959739916867598
1.7365982402284752
2.189213890170376
0.11472549460332893
-0.33160382686715684
0.03928955294634573
-0.9099460462373639
2.4500965217341104
-1.5260062364360627
-1.2085466486295902
0.8596554184660414
1.566867371500262
-2.4720986713840643
0.42589875393838605
-0.2624542136815884
-2.7172654817692607
1.74288456869989
1.0262431229585465
2.780128766483414
-1.7837457037640896
-0.8942302250588257
-1.2839825902865738
2.688977003647892
-2.7078359890621377
-0.7182130278591972
1.5417220576146011
-1.8528953169496578
1.733455075992767
-1.7334550759927674
0.36932179769564843
0.7842194768090578
-1.984908214849379
-1.6077285065644613
-1.158256020858268
1.6171579992715843
-1.0639610937870385
-0.6144886080808449
-0.18387510778889737
-0.12415498731045194
-2.912141664383135
-1.692593940928568
1.327986889586481
-0.2938858560386648
1.2116898128652975
-0.45733039629546246
-1.2085466486295902
-0.8722280754088723
1.2242624698081288
1.4034228312434642
0.22159307861738897
-0.818794283401842
-2.459526014441234
2.2206455325274526
-0.6962108782092438
0.8439395972875032
-1.3028415757008196
-2.252077174884529
-0.259311049445881
1.6171579992715843
-0.9790956594229319
2.1640685762847145
1.1268243785011913
-0.7590741629233966
2.113777948513393
-1.6800212839857374
-2.8115604088404904
-1.6548759701000761
1.9409039155494723
1.1802581705082211
3.1384494893540857
-0.6144886080808449
-0.6804950570307056
-2.8901395147331814
1.4694292801933253
-2.2583635033559446
1.7586003898784286
0.07700752377483733
-0.03614638871063791
1.5888695211502153
0.6616360716164595
-1.6988802693999832
2.7832719307191214
0.7276425205663202
2.1074916200419773
-0.8596554184660414
-2.261506667591652
-0.6962108782092438
-3.1038746827613015
2.475241835619772
-1.3217005611150656
1.1834013347439294
0.15558662966752834
-1.8811837950710266
-1.441140802071956
0.6584929073807522
0.957093509772978
2.5223892991553862
-1.8466089884782426
-1.2776962618151584
2.861851036611813
-0.5484821591309843
-0.14930030119611315
-2.91842799285455
2.37151741584142
-1.7743162110569668
-1.2148329771010056
-0.268740542153004
-1.0513884368442081
0.15872979390323616
2.6072547335194933
-2.6858338394121843
-0.2624542136815884
-1.1425401996797298
0.5013346955953697
0.633347593495091
0.00785791058926888
2.4060922224342036
-0.18073194355318956
-1.9911945433207943
-2.751840288362045
-1.3311300538221884
1.4097091597148799
0.44790090358833945
2.2677929960630676
0.8219374476375498
0.9948114806014701
-0.6270612650236758
0.03614638871063791
-1.746027732935598
2.9215711570902574
0.8816575681159948
0.2970290202743726
2.58525258386954
2.6355432116408624
3.0504408907542713
3.047297726518564
-0.6804950570307056
2.085489470392024
0.01728740329639189
-0.2184499143816816
-3.0661567119328095
-2.7046928248264304
-2.0163398572064555
-1.5448652218503085
-2.280365653005898
1.8686111381281965
-1.5228630722003549
-1.975478722142256
-1.3688480246506802
-1.202260320158175
1.309127904172235
-0.6459202504379213
1.3531322034721418
-1.8937564520138572
-0.051862209889176114
1.6988802693999832
-1.975478722142256
-1.8120341818854584
0.7433583417448584
2.2677929960630676
0.07072119530342214
1.8780406308353186
-1.868611138128196
0.07386435953912951
-1.824606838828289
-0.8942302250588257
2.4972439852697255
-1.1896876632153444
1.9786218863779634
2.1734980689918375
-1.1802581705082213
1.1268243785011913
1.7145960905785218
-2.346372101955758
0.6867813855021208
2.9530027994473347
3.0787293688756403
3.0315819053400253
-0.9790956594229319
2.5412482845696323
1.8214636745925814
-1.6580191343357837
-2.5349619560982175
0.2561678852101732
0.2750268706244192
2.1074916200419773
-2.038342006856409
2.4689555071483564
-2.0320556783849937
2.7832719307191214
2.7486971241263376
-2.0540578280349475
0.4384714108812169
1.4317113093648333
0.15244346543182097
-1.7083097621071062
-1.6580191343357837
0.5359095021881539
2.86499420084752
-0.4447577393526321
2.465812342912649
2.3023678026558514
1.8528953169496578
0.39132394734560183
1.1739718420368064
1.004240973308593
-1.8371794957711196
-2.6041115692837855
-1.5008609225504015
-1.016813630251424
-2.2583635033559446
2.8115604088404904
0.6302044292593831
-1.9346175870780566
-0.18387510778889737
-0.6396339219665061
-0.4384714108812169
-0.6836382212664134
0.18701827202460475
0.9916683163657627
0.8250806118732572
-2.858707872376105
-1.6045853423287537
-1.3657048604149726
-2.714122317533553
-1.4379976378362485
-1.1834013347439292
-1.532292564907478
-0.9759524951872245
1.95661973672801
2.0697736492134853
-2.4878144925626025
0.8219374476375498
-0.41018293275984785
-1.5605810430288467
0.7150698636234898
-1.5228630722003549
0.12729815154615975
-1.7083097621071062
-0.2938858560386648
0.6899245497378286
-0.2027340932031434
0.5390526664238613
1.35627536770785
-0.07700752377483733
0.07072119530342214
-0.36303546922423324
-0.9728093309515167
-1.8811837950710266
-1.7617435541141362
0.5201936810096157
2.6198273904623237
1.9723355579065487
1.6831644482214445
-1.6957371051642756
1.076533750729869
2.003767200263625
-0.2435952282673428
2.679547510940769
2.7958445876619518
1.6737349555143224
-2.440667029026988
-1.717739254814229
2.3495152661914664
0.08643701648196034
0.740215177509151
-0.2781700348601266
2.336942609248635
2.780128766483414
-1.0796769149655767
1.1739718420368064
1.3311300538221884
1.0356726156656695
-2.732981302947799
2.418664879377034
2.8964258432045966
-0.2970290202743726
2.7832719307191214
2.7549834525977523
2.8869963504974736
0.5453389948952769
0.4636167247668781
1.4599997874862023
0.790505805280473
0.2875995275672496
-1.3028415757008196
0.259311049445881
3.0315819053400253
-0.18073194355318956
1.808891017649751
-2.0163398572064555
-0.04557588141776092
-2.5161029706839715
-1.0922495719084075
-0.711926699387782
0.37246496193135625
-2.160925412049007
-1.9786218863779637
0.693067713973536
-1.513433579493232
1.4977177583146934
-1.3374163822936038
-2.563250434219586
-2.0257693499135785
0.08329385224625252
1.0419589441370851
-0.259311049445881
-2.6386863758765697
-1.3059847399365274
2.723551810240676
1.26198044063662
-0.10529600189620636
0.6742087285592904
-0.5830569657237685
-2.145209590870469
-1.6265874919787073
-1.1959739916867598
3.0692998761685173
-2.3212267880700974
-1.1959739916867598
-1.4694292801933249
-1.246264619458082
0.721356192094905
0.6364907577307983
0.11158233036762155
-0.051862209889176114
-1.576296864207385
-2.2457908464131138
1.7460277329355982
0.2624542136815884
0.058148538360591306
2.512959806448264
-0.7810763125733504
1.5605810430288463
1.522863072200355
-0.28445636333154223
1.2494077836937896
-0.6742087285592904
1.5982990138573383
1.3594185319435574
1.7963183607069197
2.1357800981633464
0.6899245497378286
-0.5233368452453231
-1.6800212839857374
-2.8995690074403044
-2.1577822478132997
-0.2561678852101732
-2.173498068991838
-2.2143592040560374
2.4406670290269874
-0.633347593495091
-0.2561678852101732
-1.4851451013718633
-1.085963243436992
0.6836382212664134
-2.6826906751764765
3.1101610112327167
-3.125876832411255
-1.7931751964712126
1.0733905864941615
-0.7716468198662274
-0.17444561508177436
2.380946908548543
0.22787940708880416
0.2247362428530968
2.6072547335194933
0.9476640170658559
1.7303119117570596
-1.9629060651994255
0.30017218451008043
-2.9435733067402112
1.733455075992767
-0.42589875393838605
-2.1923570544060835
3.0064365914543645
-0.9602366740086863
-1.4757156086647403
2.1012052915705617
-0.3756081261670636
0.5296231737167383
-0.42589875393838605
-2.4878144925626025
-3.0944451900541785
0.03614638871063791
1.6831644482214445
-0.9633798382443937
-2.8115604088404904
-0.9728093309515167
-0.32531749839574164
-0.37246496193135625
1.0419589441370851
-2.946716470975919
1.7868888679997976
1.8654679738924882
-1.717739254814229
-2.0697736492134853
-0.37875129040277145
1.1393970354440217
2.494100821034018
2.142066426634761
0.6993540424449516
1.1991171559224671
0.5327663379524461
2.4438101932626957
0.5893432941951837
0.6490634146736292
2.43752386479128
-0.14615713696040578
-1.3751343531220956
-1.6894507766928601
-0.8627985827017493
2.808417244604782
-1.5008609225504015
-1.683164448221445
-2.446953357498403
0.7182130278591972
0.2750268706244192
-1.8654679738924884
2.094918963099147
2.0729168134491935
3.028438741104318
-1.692593940928568
-1.824606838828289
2.343228937720051
0.28445636333154223
0.9099460462373639
-0.9350913601230251
-2.739267631419214
0.9256618674159016
1.576296864207385
-2.7989877518976596
-0.5170505167739079
0.3504628122814024
-1.104822228851238
0.38503761887418664
-2.723551810240676
1.1551128566225604
1.2588372764009126
3.075586204639933
-1.7743162110569668
-2.7927014234262444
2.547534613041048
-0.9759524951872245
1.4914314298432787
-0.16501612237465135
-0.9193755389444869
1.2745530975794512
-1.6548759701000761
0.837653268816088
0.37875129040277145
0.9696661667158093
0.13358448001757495
-0.7936489695161808
2.217502368291745
-2.280365653005898
-1.6014421780930461
-0.9916683163657627
-1.5731536999716773
-2.846135215433274
0.5139073525382001
-1.8088910176497508
1.5794400284430923
-1.7334550759927674
2.9687186206258724
-1.7240255832856444
-0.38503761887418664
-1.5982990138573385
1.6580191343357837
1.0482452726084999
-1.9063291089566878
1.4820019371361557
1.1865444989796368
0.6773518927949977
0.2624542136815884
0.966523002480101
-1.7554572256427208
-2.9844344418044106
-2.0351988426207015
2.965575456390165
-1.076533750729869
-3.0504408907542713
-2.5695367626910013
-0.6459202504379213
-1.9629060651994255
-0.847082761523211
-2.7266949744763838
0.5893432941951837
-0.2561678852101732
2.861851036611813
-0.12729815154615975
-1.4222818166577103
-0.7873626410447656
2.695263332119307
0.00785791058926888
0.5516253233666921
-1.211689812865298
1.6171579992715843
1.7963183607069197
1.2022603201581745
-0.5862001299594763
0.41018293275984785
-0.6679224000878752
-0.730785684802028
-2.8115604088404904
2.0414851710921162
-0.7685036556305196
0.6584929073807522
2.475241835619772
2.032055678384994
-1.3908501743006338
0.03614638871063791
-0.45733039629546246
-2.3306562807772204
0.3347469911028642
0.19330460049602038
1.0105273017800087
-1.746027732935598
-0.6710655643235826
2.324369952305805
2.9781481133329955
1.14254019967973
-0.9979546448371779
2.0414851710921162
2.632400047405154
-2.091775798863439
2.019483021442163
2.000624036027917
1.0293862871942547
-2.9875776060401185
0.5579116518381073
-1.8120341818854584
-1.2808394260508662
2.981291277568703
-1.692593940928568
-2.663831689762231
2.057200992270655
-0.4950483671239545
-0.16815928661035917
1.123681214265484
0.7339288490377354
-1.834036331535412
2.6386863758765697
-1.3185573968793578
2.333799445012928
-3.0661567119328095
-0.7810763125733504
-0.5547684876023995
1.513433579493232
1.733455075992767
1.0388157799013769
-1.639160148921538
-1.9346175870780566
-2.0697736492134853
1.7774593752926746
2.5443914488053405
0.42589875393838605
-2.632400047405154
-1.309127904172235
2.5601072699838783
1.7586003898784286
-2.3306562807772204
-2.538105120333925
-1.4725724444290327
3.009579755690072
-2.6166842262266163
1.4631429517219097
1.0671042580227459
-1.7963183607069202
-0.2090204216745586
1.2085466486295902
0.6176317723165528
-2.3809469085485424
-2.547534613041048
-0.34731964804569504
3.1353063251183775
2.827276230019028
-0.6679224000878752
1.0639610937870385
-0.32531749839574164
-3.0598703834613943
2.8681373650832276
0.309601677217203
-0.7685036556305196
-1.1393970354440222
-2.839848886961859
-0.837653268816088
2.2112160398203295
-2.739267631419214
-1.6014421780930461
-1.8120341818854584
2.4343807005555727
1.947190244020887
1.2054034843938828
-1.6580191343357837
1.6768781197500298
1.0513884368442081
2.3117972953629744
-1.7523140614070132
-2.1766412332275458
-0.8030784622233038
2.4438101932626957
-2.2363613537059908
-3.097588354289886
0.5044778598310775
-2.7204086460049686
-2.547534613041048
3.0535840549899786
-1.9534765724923027
-1.8560384811853656
-2.2929383099487284
-2.082346306156316
-0.319031169924326
-2.368374251605712
1.2462646194580822
-0.5359095021881539
1.8214636745925814
-2.362087923134297
2.3683742516057116
-2.019483021442163
-2.076059977684901
2.0603441565063623
-2.3086541311272666
-1.0985359003798227
-0.38503761887418664
-1.6580191343357837
1.133110706972607
1.6643054628071994
-0.12101182307474456
2.399805893962788
-2.921571157090258
0.9822388236586397
1.9786218863779634
1.6705917912786141
-0.05500537412488393
-2.5161029706839715
-1.6108716708001691
-1.9094722731923954
-0.21530675014597378
-1.004240973308593
3.028438741104318
0.7779331483376426
-1.7083097621071062
1.0388157799013769
-3.0692998761685173
2.566393598455294
0.4824757101811237
2.9781481133329955
-0.9728093309515167
-1.2179761413367132
-2.446953357498403
3.0598703834613943
-0.7653604913948122
2.132636933927638
1.6831644482214445
2.5066734779768485
0.15558662966752834
-1.1645423493296831
3.06615671193281
-1.2211193055724208
-0.9665230024801015
1.3625616961792648
-1.5668673715002621
-1.6863076124571525
0.10843916613191373
-0.9288050316516099
1.4788587729004474
2.5506777772767553
2.780128766483414
1.0576747653156229
2.9215711570902574
-2.465812342912649
-1.0985359003798227
1.5825831926788005
2.7644129453048754
-0.41646926123126304
2.8744236935546432
-1.7397414044641826
-2.160925412049007
1.7743162110569664
0.5579116518381073
-0.5170505167739079
3.037868233811441
-1.8937564520138572
-1.1425401996797298
2.7549834525977523
1.1488265281511447
-2.8901395147331814
0.5421958306595691
1.4191386524220029
0.5139073525382001
1.7083097621071062
0.8345101045803802
3.047297726518564
3.0221524126329022
-1.6674486270429068
1.0733905864941615
-2.4092353866699114
-2.2237886967631604
-1.4977177583146937
-2.013196692970748
-2.022626185677871
0.5201936810096157
-1.6580191343357837
0.17444561508177436
-2.255220339120237
0.740215177509151
0.309601677217203
0.721356192094905
-2.7801287664834136
2.6826906751764765
-0.2121635859102664
0.7842194768090578
0.16815928661035917
-1.8937564520138572
-3.009579755690072
-0.8910870608231178
-0.6773518927949977
-1.3499890392364344
0.5893432941951837
1.3908501743006338
-1.2934120829936968
-1.6580191343357837
0.4227555897026787
0.8879438965874105
-2.4092353866699114
0.8785144038802875
-3.063013547697102
2.6261137189337393
-2.37151741584142
1.1079653930869453
-1.7208824190499368
0.03928955294634573
2.2835088172416054
0.2907426918029574
-1.0796769149655767
3.1258768324112545
2.676404346705061
-1.8906132877781496
2.547534613041048
0.004714746353561505
1.6705917912786141
0.3064585129814956
2.6198273904623237
-1.6234443277429997
-1.3688480246506802
-1.790032032235505
-1.6580191343357837
2.7927014234262444
-0.8533690899946262
1.604585342328754
2.5223892991553862
-2.5349619560982175
-2.858707872376105
-1.3342732180578962
1.3248437253507728
-0.30960167721720344
-2.2646498318273593
1.7837457037640894
0.23102257132451198
0.9193755389444869
-2.252077174884529
-1.9346175870780566
0.6742087285592904
-2.0540578280349475
-1.4128523239505872
2.6292568831694467
2.208072875584622
-2.066630484977778
-0.34103331957427985
2.3212267880700974
-0.04557588141776092
-1.7051665978713986
2.6198273904623237
-1.8811837950710266
1.8686111381281965
1.3499890392364344
-1.7083097621071062
-3.0567272192256865
-3.0504408907542713
1.0482452726084999
1.8623248096567808
-1.7586003898784284
-2.6041115692837855
-0.9036597177659487
0.2530247209744654
-0.007857910589269324
-2.8869963504974736
0.702497206680659
2.9215711570902574
-1.415995488186295
0.5076210240667849
-2.1389232623990537
0.8345101045803802
-0.9099460462373639
0.15872979390323616
2.2395045179416986
0.9948114806014701
2.814703573076198
1.504004086786109
-2.8712805293189354
-2.4060922224342036
2.2960814741844358
-1.362561696179265
3.122733668175547
-1.1173948857940683
2.70469282482643
0.020430567532099708
0.5421958306595691
0.4636167247668781
-0.22159307861738897
1.761743554114136
-1.0513884368442081
2.7109791532978456
-2.2457908464131138
-2.4909576567983103
-1.6140148350358767
0.730785684802028
0.17130245084606655
1.5825831926788005
-0.740215177509151
2.714122317533553
-0.9916683163657627
0.5013346955953697
2.333799445012928
-2.9592891279187494
-1.9974808717922097
3.0818725331113477
1.6203011635072917
-2.5035303137411407
0.14930030119611315
2.446953357498403
1.984908214849379
1.5480083860860159
-1.0356726156656695
-1.5071472510218167
2.1012052915705617
-2.358944758898589
2.707835989062138
-2.2489340106488216
-1.6360169846858303
1.4254249808934176
-2.723551810240676
2.8775668577903506
2.5915389123409547
0.633347593495091
1.7365982402284752
0.2184499143816816
0.5641979803095225
-1.2054034843938826
1.1456833639154373
1.8654679738924882
-2.2489340106488216
-2.019483021442163
1.3751343531220952
-0.12101182307474456
1.318557396879358
-1.7743162110569668
-0.13044131578186757
-2.6386863758765697
-2.0603441565063623
2.937286978268796
-1.7743162110569668
1.9251880943709336
-1.8906132877781496
0.7716468198662274
1.8686111381281965
1.2399782909866666
-2.7927014234262444
-2.5255324633910945
0.249881556738758
2.5412482845696323
0.38818078310989446
-1.0419589441370851
1.7837457037640894
-2.0980621273348543
2.679547510940769
1.0576747653156229
-2.934143814033088
2.2960814741844358
-2.8272762300190286
2.890139514733181
1.6548759701000764
-0.9382345243587324
-2.5789662553981243
1.7365982402284752
-1.1362538712083143
-0.21530675014597378
1.7868888679997976
-2.6921201678835995
1.4694292801933253
0.4919052028882467
1.513433579493232
-0.702497206680659
0.966523002480101
-0.4604735605311703
-2.9812912775687033
0.5893432941951837
0.259311049445881
-3.0064365914543645
1.5071472510218165
2.676404346705061
-1.8026046891783356
-2.3212267880700974
-1.9440470797851797
1.0010978090728857
-0.240452064031635
0.2718837063887114
-3.0032934272186567
-0.4227555897026787
3.1258768324112545
0.43218508240980125
-3.0850156973470555
2.604111569283785
2.7644129453048754
1.1739718420368064
3.1164473397041315
-2.688977003647892
-0.818794283401842
1.9629060651994257
0.5547684876023995
1.6674486270429068
1.928331258606641
-2.1200642769848077
1.7931751964712124
1.7837457037640894
2.3023678026558514
-3.1195905039398397
2.186070725934669
1.7743162110569664
0.2341657355602198
2.7109791532978456
2.2772224887701897
0.40075344005272484
1.9817650506136717
1.9440470797851797
2.707835989062138
1.4442839663076636
0.24673839250305019
-1.4631429517219097
-2.8807100220260584
-0.33160382686715684
-1.0828200792012845
-1.0639610937870385
1.937760751313764
1.0639610937870385
-0.46675988900258547
1.3814206815935108
1.1771150062725138
1.9534765724923027
-2.0414851710921167
2.8932826789688892
-2.2300750252345756
2.057200992270655
1.8403226600068274
-0.33789015533857203
-2.9247143213259656
-0.19016143626031257
1.437997637836248
-1.595155849621631
2.2489340106488216
1.651732805864368
2.927857485561673
-2.7172654817692607
-2.7738424380119984
-1.5260062364360627
-2.990720770275826
3.1164473397041315
-3.1007315185255937
0.5013346955953697
-0.6773518927949977
2.789558259190537
1.095392736144115
-1.7648867183498438
-2.286651981477313
1.576296864207385
1.494574594078986
0.12101182307474456
0.7653604913948122
-1.2525509479294974
-2.057200992270655
2.5883957481052473
-0.0267168960035149
-0.9350913601230251
-1.7680298825855514
-1.629730656214415
-0.4070397685241405
-1.9534765724923027
-0.6584929073807522
-1.1991171559224674
0.37875129040277145
0.5893432941951837
0.36303546922423324
-0.15558662966752834
-1.397136502772049
2.855564708140397
1.6643054628071994
-1.639160148921538
-0.11472549460332893
2.214359204056037
-2.8775668577903506
-2.74555395989063
0.6836382212664134
0.9633798382443937
0.9790956594229323
-0.9005165535302408
-0.7622173271591044
-1.406565995479172
0.8313669403446724
-0.21530675014597378
-1.5637242072645543
0.2813131990958344
1.3814206815935108
-2.4029490581984962
-0.8439395972875032
2.4155217151413266
2.186070725934669
0.18073194355318956
-1.3217005611150656
2.7549834525977523
2.9970070987472415
-1.1268243785011913
1.95661973672801
-1.9063291089566878
0.36617863345994106
-2.368374251605712
-1.3279868895864808
-1.2776962618151584
1.2934120829936964
2.336942609248635
1.8686111381281965
-2.10434845580627
0.37875129040277145
-1.7617435541141362
0.09272334495337553
-1.1613991850939756
-1.9503334082565948
1.0356726156656695
-0.001571582117853687
1.3154142326436506
-0.5862001299594763
-1.5228630722003549
0.7087835351520742
-0.9790956594229319
-1.727168747521352
-2.270936160298775
1.8434658242425348
-0.6239181007879679
2.270936160298775
-1.5102904152575243
-2.456382850205526
-2.494100821034018
2.871280529318936
-1.975478722142256
-1.7020234336356908
1.8717543023639038
0.19959092896743558
0.5233368452453231
2.6512590328194
-2.431237536319865
-0.007857910589269324
-0.23102257132451198
2.9404301425045034
-0.9539503455372706
2.855564708140397
-1.8717543023639038
0.740215177509151
1.5291494006717699
2.9592891279187494
0.6899245497378286
1.9157586016638106
-2.233218189470283
-2.082346306156316
-0.16501612237465135
-2.1232074412205155
1.8748974665996112
-2.421808043612742
-0.5893432941951837
-2.267792996063067
2.1923570544060835
-0.41332609699555567
-2.37151741584142
0.5264800094810309
-1.9251880943709339
1.1959739916867598
-2.5601072699838783
-2.2206455325274526
2.707835989062138
0.5201936810096157
-2.5946820765766625
2.494100821034018
2.355801594662881
1.566867371500262
-0.5924864584308915
3.1007315185255937
-1.3028415757008196
-2.0446283353278245
-1.2085466486295902
-1.9094722731923954
-2.0257693499135785
2.1452095908704694
-0.03614638871063791
-2.6481158685836927
-3.009579755690072
-3.0315819053400253
-0.35360597651711023
-1.1519696923868525
-0.906802882001656
-2.9592891279187494
2.6732611824693535
2.833562558490444
-1.8748974665996114
-0.45104406782404727
3.0598703834613943
0.014144239060684516
-2.3369426092486356
1.2556941121652052
-2.74555395989063
0.5767706372523533
-2.440667029026988
-2.173498068991838
1.0891064076726993
1.4725724444290327
-1.9629060651994255
-3.1038746827613015
-1.9503334082565948
-1.013670466015716
0.8470827615232106
-2.1389232623990537
-1.2085466486295902
-1.9566197367280103
-1.0671042580227463
1.513433579493232
1.9000427804852729
-3.0567272192256865
-2.6041115692837855
-3.0850156973470555
-0.9570935097729785
-3.053584054989979
2.3023678026558514
0.16187295813894398
-0.6899245497378286
0.22159307861738897
0.5296231737167383
-2.6009684050480777
-1.3782775173578032
2.6669748539979388
2.1200642769848077
0.2718837063887114
1.651732805864368
0.9916683163657627
2.399805893962788
-2.732981302947799
0.6050591153737219
-1.211689812865298
-2.456382850205526
1.1676855135653907
1.4159954881862946
-0.4384714108812169
3.0818725331113477
-1.265123604872328
0.44790090358833945
1.0608179295513311
-2.10434845580627
-1.1425401996797298
-0.36303546922423324
1.8748974665996112
-0.45104406782404727
1.9409039155494723
1.7208824190499366
1.1111085573226536
-0.37875129040277145
-1.494574594078986
0.7716468198662274
2.066630484977778
1.0985359003798223
2.4532396859698187
0.36932179769564843
-0.36303546922423324
-2.267792996063067
-2.145209590870469
1.7868888679997976
-0.9476640170658555
2.333799445012928
-0.058148538360591306
-1.1802581705082213
-2.233218189470283
2.4438101932626957
0.41332609699555567
-1.0513884368442081
1.522863072200355
1.984908214849379
2.343228937720051
-1.4914314298432785
-0.2813131990958344
2.2740793245344824
2.519246134919679
1.4725724444290327
1.4442839663076636
-2.6135410619909085
-0.7370720132734432
0.2875995275672496
1.604585342328754
2.465812342912649
1.5825831926788005
0.6679224000878747
-1.1456833639154373
-1.7617435541141362
0.5201936810096157
0.5107641883024927
-1.6894507766928601
-2.1232074412205155
0.4227555897026787
-2.0446283353278245
1.26198044063662
2.798987751897659
0.319031169924326
2.6575453612908158
1.4505702947790793
-0.249881556738758
1.9817650506136717
-0.5641979803095225
-1.290268918757989
-0.7747899841019348
0.2341657355602198
0.5421958306595691
2.7832719307191214
0.8565122542303336
2.113777948513393
-2.3903764012556654
2.0509146637992393
-0.328460662631449
-2.019483021442163
2.217502368291745
1.0639610937870385
0.7244993563306128
-1.0733905864941615
-1.0985359003798227
2.9687186206258724
-2.349515266191466
0.21216358591026596
2.6544021970551075
0.5516253233666921
1.6705917912786141
-2.9781481133329955
-1.8403226600068272
-0.44161457511692426
-2.566393598455294
0.42589875393838605
2.4972439852697255
1.1173948857940683
-0.43532824664550906
3.1164473397041315
2.770699273776291
2.604111569283785
1.947190244020887
2.2112160398203295
-1.3154142326436502
2.01005352873504
2.1483527551061767
0.4636167247668781
1.6988802693999832
-2.082346306156316
2.9310006497973804
-2.8052740803690748
-1.5888695211502155
-2.2363613537059908
-0.9445208528301481
2.9687186206258724
1.2965552472294046
0.042432717182053103
2.7581266168334597
2.43752386479128
2.890139514733181
0.5956296226665989
3.0158660841614875
0.14930030119611315
-2.7204086460049686
1.151969692386853
-0.4950483671239545
2.1672117405204228
-2.839848886961859
-0.5201936810096157
-0.7653604913948122
-0.4070397685241405
1.7114529263428135
2.4438101932626957
0.966523002480101
-0.39446711158130965
-0.8345101045803802
-2.6858338394121843
2.1389232623990537
-1.023099958722839
1.8466089884782422
3.1164473397041315
1.456856623250494
-2.8901395147331814
-1.5260062364360627
-1.1205380500297761
-3.097588354289886
3.103874682761301
-0.6176317723165528
-2.5161029706839715
1.1771150062725138
-0.5579116518381073
-1.3374163822936038
2.538105120333925
-0.36617863345994106
2.6544021970551075
1.5102904152575247
-2.4532396859698187
1.9911945433207947
-0.897373389294533
-0.6113454438451376
2.833562558490444
0.3064585129814956
-0.5987727869023067
0.2561678852101732
-1.246264619458082
0.2687405421530036
-0.08958018071766816
0.40075344005272484
1.14254019967973
1.0293862871942547
2.91842799285455
-1.9974808717922097
2.6261137189337393
1.818320510356874
-1.9471902440208873
1.280839426050866
2.456382850205526
-0.004714746353561505
2.547534613041048
-2.7549834525977523
2.494100821034018
-2.8964258432045966
0.14930030119611315
-1.8120341818854584
-1.415995488186295
-0.6647792358521674
-2.013196692970748
1.013670466015716
-2.927857485561673
2.509816642212556
3.0221524126329022
-0.5327663379524461
-0.4761893817097085
-1.8120341818854584
3.0504408907542713
-0.11158233036762155
-1.878040630835319
-1.585726356914508
0.9508071813015633
-1.3342732180578962
-2.5161029706839715
2.798987751897659
-0.15558662966752834
2.5789662553981243
-2.1672117405204228
0.6773518927949977
-0.2938858560386648
0.05500537412488393
-1.620301163507292
-3.063013547697102
0.4824757101811237
-0.9570935097729785
2.9152848286188426
-2.8744236935546432
0.2718837063887114
0.328460662631449
-2.6826906751764765
0.9256618674159016
-0.749644670216274
-1.1079653930869457
1.1205380500297757
-0.042432717182053103
-0.45733039629546246
-2.5915389123409547
-2.4186648793770344
-1.2714099333437432
2.880710022026058
-2.912141664383135
0.2970290202743726
-0.7590741629233966
-2.072916813449193
-1.3499890392364344
1.6265874919787073
-0.2938858560386648
1.151969692386853
3.0441545622828556
1.104822228851238
-0.6647792358521674
-2.6072547335194933
3.0630135476971017
0.633347593495091
1.8026046891783354
-0.36617863345994106
1.337416382293604
-1.8466089884782426
-2.9498596352116264
0.36303546922423324
-2.9750049490972876
0.33789015533857203
1.6014421780930457
2.189213890170376
-0.2938858560386648
1.1362538712083143
0.7433583417448584
-1.6265874919787073
-0.10529600189620636
1.4505702947790793
-1.7208824190499368
-0.5956296226665989
1.5794400284430923
1.7586003898784286
-3.000150262982949
-1.9911945433207943
2.4312375363198653
2.6638316897622305
0.7339288490377354
-2.475241835619772
2.390376401255666
1.5825831926788005
-0.9350913601230251
-2.54439144880534
-1.4285681451291254
2.3495152661914664
-3.053584054989979
-0.06443486683200694
0.03614638871063791
2.333799445012928
-1.9346175870780566
-2.4626691786769412
1.642303313157245
-2.6135410619909085
-0.9885251521300549
-1.0482452726085003
-1.8183205103568738
-0.2750268706244192
-2.7644129453048754
-2.641829540112277
-2.9938639345115337
2.0980621273348543
2.817846737311905
-0.5704843087809381
2.2112160398203295
0.44161457511692426
-0.12415498731045194
0.7779331483376426
2.9970070987472415
2.189213890170376
-0.8502259257589184
0.249881556738758
-2.198643382877499
-0.6459202504379213
2.723551810240676
-0.5233368452453231
1.6485896416286607
-0.46675988900258547
-0.2561678852101732
1.5322925649074781
0.328460662631449
1.1928308274510524
0.7653604913948122
-3.0410113980471483
0.5862001299594763
-0.5516253233666921
1.3059847399365276
3.1070178469970093
-1.4128523239505872
-1.984908214849379
-1.843465824242535
0.36617863345994106
0.4919052028882467
-0.8816575681159948
-1.878040630835319
0.15872979390323616
0.35674914075281805
2.195500218641792
1.3594185319435574
1.6265874919787073
0.7590741629233966
3.009579755690072
-0.5233368452453231
-1.922044930135226
-2.8995690074403044
0.07072119530342214
-0.9759524951872245
-0.328460662631449
-2.934143814033088
3.0913020258184707
-0.7087835351520746
0.41332609699555567
-1.202260320158175
-2.2300750252345756
2.575823091162417
3.056727219225687
-1.9660492294351333
2.946716470975919
0.9728093309515167
-2.846135215433274
-1.8371794957711196
-1.780602539528382
1.8591816454210734
1.5982990138573383
3.0127229199257792
-2.4815281640911873
1.1362538712083143
-0.5296231737167387
-0.6019159511380145
-0.6239181007879679
-1.4694292801933249
1.8371794957711192
0.9350913601230246
-0.9759524951872245
-1.4254249808934178
0.309601677217203
-1.5102904152575243
1.5542947145574315
-1.9346175870780566
0.9413776885944403
1.614014835035877
-1.3154142326436502
-1.5637242072645543
2.7738424380119984
2.324369952305805
2.9152848286188426
-3.0692998761685173
-0.06757803106771432
0.19016143626031257
1.2651236048723282
-2.465812342912649
0.3033153487457878
0.36932179769564843
-1.6863076124571525
-2.0351988426207015
1.2368351267509592
1.5291494006717699
1.8968996162495646
-0.08643701648196034
-2.7549834525977523
-0.6113454438451376
-0.042432717182053103
-0.730785684802028
-3.015866084161487
-0.818794283401842
-2.2206455325274526
-2.7109791532978456
-0.9256618674159021
-1.8528953169496578
3.0315819053400253
-1.9126154374281032
-1.3248437253507732
-3.028438741104318
2.4249512078484496
-3.0064365914543645
1.8120341818854584
2.3935195654913732
-0.23102257132451198
0.9790956594229323
-2.4186648793770344
0.01728740329639189
-1.016813630251424
-1.4631429517219097
-1.1645423493296831
-2.242647682177406
-1.548008386086016
-1.538578893378893
-3.122733668175547
1.5197199079646468
1.5542947145574315
-2.019483021442163
0.259311049445881
1.9251880943709336
-0.8030784622233038
-0.020430567532099708
1.0702474222584542
-0.847082761523211
-0.11786865883903674
1.2839825902865734
2.2363613537059903
0.6144886080808449
-0.44161457511692426
-2.3023678026558514
1.2085466486295902
-1.076533750729869
1.7271687475213522
0.23730889979592718
-0.4227555897026787
0.5579116518381073
-1.1865444989796368
-1.887470123542442
-2.820989901547613
1.3154142326436506
-1.1079653930869457
1.7051665978713988
2.2017865471132065
-3.1101610112327167
-2.956145963683042
-2.91842799285455
-2.751840288362045
0.40389660428843266
0.00785791058926888
2.9341438140330887
3.13216316088267
1.642303313157245
2.076059977684901
1.8340363315354118
-2.833562558490444
0.9979546448371774
1.5574378787931389
-1.5668673715002621
-2.4343807005555727
-0.4761893817097085
3.0724430404042247
2.6009684050480777
0.19644776473172776
0.43218508240980125
0.8942302250588252
-1.0671042580227463
-1.7334550759927674
0.9130892104730712
-2.742410795654922
2.9027121716760123
-1.123681214265484
0.4604735605311703
-2.5978252408123703
-2.0351988426207015
2.3400857734843434
-0.3598923049885254
2.899569007440304
1.522863072200355
1.1393970354440217
3.0692998761685173
-0.9759524951872245
-0.20587725743885077
-2.1263506054562233
0.5296231737167383
0.5862001299594763
-0.004714746353561505
1.5920126853859236
0.00785791058926888
-2.3998058939627884
-0.15558662966752834
2.013196692970748
-1.4977177583146937
-2.855564708140397
0.19959092896743558
-0.42589875393838605
1.585726356914508
0.8345101045803802
-1.095392736144115
-0.9005165535302408
-1.0796769149655767
-0.749644670216274
-0.5076210240667849
-1.3939933385363414
0.319031169924326
0.09272334495337553
-0.5170505167739079
0.7779331483376426
1.6768781197500298
-0.7747899841019348
-0.3598923049885254
2.817846737311905
-2.358944758898589
1.8057478534140428
-1.4034228312434645
-2.2017865471132065
-3.0944451900541785
-0.051862209889176114
-2.0886326346277313
1.3751343531220952
0.6962108782092438
2.660688525526523
2.047771499563532
-2.654402197055108
2.9435733067402117
-0.9759524951872245
0.7590741629233966
0.9036597177659482
2.038342006856409
-1.3028415757008196
0.23730889979592718
-1.450570294779079
-3.0787293688756403
1.447427130543371
1.6611622985714911
2.132636933927638
0.051862209889176114
0.5421958306595691
3.141592653589793
-1.4662861159576173
-2.5003871495054333
-1.397136502772049
1.5700105357359693
0.6050591153737219
2.566393598455294
-2.484671328326895
-0.5233368452453231
1.1299675427368987
-2.179784397463253
1.4222818166577103
-2.0980621273348543
-0.5453389948952769
-2.833562558490444
-0.42589875393838605
1.47571560866474
2.3306562807772204
0.7653604913948122
1.1739718420368064
-0.17758877931748218
-2.1923570544060835
-1.4851451013718633
-2.1326369339276385
-0.711926699387782
-0.9822388236586397
-1.4348544736005409
1.271409933343743
0.07700752377483733
-2.7266949744763838
1.4914314298432787
1.9063291089566876
1.9126154374281032
2.4060922224342036
1.522863072200355
1.9346175870780566
1.4788587729004474
0.9602366740086863
0.4699030532382933
-0.05500537412488393
1.0105273017800087
-0.847082761523211
-1.0388157799013773
-0.15244346543182097
2.318083623834389
0.8470827615232106
-2.75812661683346
-2.459526014441234
-1.2965552472294044
-2.547534613041048
-1.5165767437289397
-0.6584929073807522
-0.9696661667158093
-2.4626691786769412
-3.0410113980471483
-1.023099958722839
-1.0356726156656695
1.7743162110569664
1.1802581705082211
1.6297306562144147
-0.12101182307474456
-2.362087923134297
-2.679547510940769
-2.43752386479128
-1.3657048604149726
-0.5327663379524461
-0.5107641883024927
1.5417220576146011
1.522863072200355
0.4384714108812169
-1.2368351267509592
-0.3033153487457878
-2.3872332370199576
1.7208824190499366
2.97186178486158
-1.0639610937870385
1.585726356914508
0.7527878344519814
-3.1007315185255937
2.2772224887701897
0.13044131578186713
1.6705917912786141
2.8304193942547364
1.733455075992767
0.9193755389444869
2.670118018233646
1.7397414044641826
0.9853819878943471
-2.7172654817692607
-2.940430142504504
-2.270936160298775
2.022626185677871
2.789558259190537
1.8811837950710268
-0.35360597651711023
-1.3185573968793578
-0.3598923049885254
1.1739718420368064
1.771173046821259
2.1074916200419773
-2.1577822478132997
0.8407964330517954
-0.44161457511692426
-1.9251880943709339
-1.7617435541141362
2.333799445012928
2.5255324633910945
-2.4972439852697255
-2.9938639345115337
-0.809364790694719
-1.9094722731923954
-1.2839825902865738
-2.4438101932626957
-0.37875129040277145
3.019009248397195
-0.023573731767807526
-1.4317113093648333
1.3154142326436506
-1.868611138128196
-1.6423033131572455
0.7842194768090578
-0.9979546448371779
-1.4002796670077566
1.114251721558361
-2.160925412049007
3.0441545622828556
2.4060922224342036
1.2556941121652052
1.5480083860860159
0.9099460462373639
1.7397414044641826
-0.17758877931748218
1.9691923936708404
-2.7078359890621377
1.0262431229585465
1.5385788933788929
2.9498596352116264
-1.0419589441370851
2.846135215433274
-0.5170505167739079
1.5542947145574315
-1.592012685385923
-0.5673411445452303
-1.7491708971713056
-1.8811837950710266
0.5956296226665989
0.2970290202743726
1.5260062364360625
-1.023099958722839
-0.08643701648196034
-1.639160148921538
-2.641829540112277
-1.639160148921538
-3.0315819053400253
3.037868233811441
-1.0451021083727925
2.836705722726151
-2.5349619560982175
-2.927857485561673
-2.43752386479128
-0.4699030532382933
-1.4317113093648333
-0.1870182720246052
1.1865444989796368
-1.9471902440208873
0.38503761887418664
2.1200642769848077
-1.6705917912786143
-1.3814206815935108
-0.40075344005272484
0.721356192094905
-2.6858338394121843
-2.484671328326895
2.409235386669911
-0.8879438965874105
-2.1326369339276385
-2.4186648793770344
-1.8026046891783356
2.37151741584142
1.1834013347439294
1.0639610937870385
2.566393598455294
-0.09272334495337553
-1.6800212839857374
-1.0733905864941615
-0.6647792358521674
1.3342732180578958
3.047297726518564
-2.7109791532978456
2.7392676314192146
-2.74555395989063
-1.9534765724923027
1.3625616961792648
-1.620301163507292
-0.5327663379524461
2.198643382877499
-2.3023678026558514
-0.058148538360591306
-1.7774593752926744
-0.33160382686715684
2.2677929960630676
3.1164473397041315
-0.818794283401842
0.19016143626031257
0.721356192094905
2.2866519814773127
1.3248437253507728
0.7873626410447656
2.5255324633910945
2.984434441804411
-2.937286978268796
0.6207749365522601
-1.984908214849379
2.9530027994473347
2.566393598455294
-2.1860707259346683
2.6638316897622305
1.466286115957617
0.15558662966752834
-2.5003871495054333
-2.179784397463253
-1.3562753677078496
2.9027121716760123
1.3311300538221884
-0.2247362428530968
1.2965552472294046
0.9068028820016565
2.676404346705061
2.214359204056037
0.3504628122814024
-0.9822388236586397
-0.13044131578186757
-0.8030784622233038
-2.858707872376105
-1.7020234336356908
-1.4222818166577103
-0.906802882001656
-0.268740542153004
-2.626113718933739
-2.3117972953629744
-2.7266949744763838
-0.19016143626031257
2.751840288362045
2.4689555071483564
-1.673734955514322
-2.3935195654913732
1.5260062364360625
-0.6396339219665061
-2.0634873207420705
-1.1425401996797298
0.6019159511380145
-0.711926699387782
0.023573731767807526
1.0105273017800087
-1.3059847399365274
1.7271687475213522
2.022626185677871
-0.09272334495337553
0.6773518927949977
1.5448652218503085
-1.5102904152575243
-3.0315819053400253
-1.1551128566225604
0.21216358591026596
-0.19330460049602038
-0.6490634146736292
2.2112160398203295
1.595155849621631
-0.9288050316516099
-0.8816575681159948
-1.4977177583146937
-2.17035490475613
-0.2561678852101732
0.014144239060684516
-0.40389660428843266
-1.1205380500297761
0.6962108782092438
2.817846737311905
2.3212267880700974
-1.9566197367280103
-0.3913239473456023
0.6490634146736292
0.18073194355318956
2.641829540112277
-0.2561678852101732
-1.4285681451291254
-0.28445636333154223
1.4694292801933253
1.9031859447209802
1.7491708971713056
2.4155217151413266
-0.7779331483376426
2.1546390835775924
-1.3719911888863878
-2.5601072699838783
2.3872332370199576
1.1645423493296834
-1.1645423493296831
-0.15558662966752834
1.9440470797851797
-0.36932179769564843
2.2929383099487284
-1.513433579493232
1.14254019967973
-0.9256618674159021
-1.5448652218503085
-2.833562558490444
-1.0639610937870385
-1.7774593752926744
2.113777948513393
-0.05500537412488393
2.4595260144412334
-0.40075344005272484
1.1111085573226536
0.9790956594229323
0.21530675014597378
-0.08015068801054515
1.7586003898784286
-0.24673839250305019
1.9911945433207947
-0.702497206680659
1.1739718420368064
-0.8659417469374566
-1.9377607513137642
-1.6517328058643685
0.7873626410447656
0.9822388236586397
0.4290419181740939
0.240452064031635
1.0702474222584542
-0.47304621747400066
0.6710655643235826
-2.072916813449193
2.3306562807772204
1.6171579992715843
-0.5704843087809381
1.6108716708001687
-0.6584929073807522
0.5453389948952769
1.9817650506136717
-1.2305487982795438
3.0158660841614875
2.761269781069168
-0.7967921337518886
0.9225187031801942
3.0347250695757335
2.327513116541512
-2.349515266191466
2.4406670290269874
0.9288050316516099
2.946716470975919
-1.9503334082565948
-1.3845638458292184
-2.1860707259346683
0.2750268706244192
1.290268918757989
1.7145960905785218
-2.5129598064482637
-3.0661567119328095
0.41332609699555567
-2.688977003647892
-1.557437878793139
-1.4882882656075709
-0.5107641883024927
2.4500965217341104
-0.001571582117853687
-0.5704843087809381
3.1007315185255937
1.4285681451291259
1.623444327743
2.8398488869618586
-1.7554572256427208
-1.5511515503217237
-0.9193755389444869
0.5453389948952769
-3.135306325118378
2.2677929960630676
-0.6113454438451376
2.280365653005898
2.575823091162417
-0.8125079549304268
-1.8748974665996114
-3.019009248397195
-1.3342732180578962
-1.5354357291431855
-1.1551128566225604
0.8313669403446724
-2.9781481133329955
0.05500537412488393
0.2561678852101732
-1.0702474222584537
-1.1676855135653907
2.204929711348914
2.456382850205526
2.732981302947799
-0.7087835351520746
0.7527878344519814
1.5637242072645545
1.161399185093975
0.3127448414529108
-2.3149404595986818
-0.5516253233666921
-2.9435733067402112
-1.7020234336356908
1.0545316010799155
-2.358944758898589
2.6072547335194933
1.504004086786109
-1.0985359003798227
3.056727219225687
-3.015866084161487
-1.7523140614070132
1.0576747653156229
0.2655973779172962
1.7303119117570596
-2.9938639345115337
0.18073194355318956
-2.3306562807772204
-2.2929383099487284
0.2970290202743726
-0.8722280754088723
1.4159954881862946
-1.3342732180578962
0.642777086202214
0.818794283401842
0.28445636333154223
2.1766412332275458
2.990720770275826
-0.36303546922423324
-1.1456833639154373
-1.6328738204501225
-0.3127448414529108
-2.2206455325274526
1.0639610937870385
-2.528675627626802
-1.1079653930869457
-0.4761893817097085
0.45733039629546246
-1.9534765724923027
1.437997637836248
2.7864150949548288
-2.6198273904623237
2.871280529318936
2.5255324633910945
2.8681373650832276
0.7873626410447656
2.798987751897659
0.5862001299594763
-1.6957371051642756
2.5506777772767553
2.047771499563532
0.4447577393526321
2.6669748539979388
1.928331258606641
-2.509816642212556
0.45104406782404727
-1.2494077836937896
2.7675561095405827
2.1734980689918375
1.2148329771010058
-0.7370720132734432
-2.343228937720051
-1.9440470797851797
0.7779331483376426
-0.7087835351520746
-2.4343807005555727
2.97186178486158
2.676404346705061
-2.6826906751764765
2.3117972953629744
1.8843269593067342
-2.663831689762231
-1.2305487982795438
-0.01728740329639189
-0.2530247209744654
-2.528675627626802
-2.6669748539979383
-1.1896876632153444
3.0913020258184707
-1.4662861159576173
-0.14615713696040578
-1.9786218863779637
-0.8565122542303336
-0.9885251521300549
-1.620301163507292
-0.6742087285592904
-1.7523140614070132
-3.0787293688756403
-2.3023678026558514
0.9790956594229323
-0.2655973779172962
-1.0356726156656695
2.6575453612908158
-0.7244993563306128
0.33789015533857203
0.8816575681159948
-1.7240255832856444
1.7963183607069197
1.6077285065644613
0.39761027581701747
-0.8313669403446728
-0.0267168960035149
0.21216358591026596
2.0697736492134853
1.9817650506136717
2.6198273904623237
-0.6396339219665061
-2.6386863758765697
0.31588800568861863
2.6826906751764765
-0.16815928661035917
-2.8618510366118124
-0.6867813855021208
-1.1111085573226531
2.01005352873504
2.7392676314192146
1.4914314298432787
0.8030784622233038
-1.843465824242535
-1.3154142326436502
1.1362538712083143
0.04557588141776092
-0.13044131578186757
-0.9633798382443937
-1.3374163822936038
-0.2027340932031434
1.6297306562144147
0.4384714108812169
0.5296231737167383
0.08329385224625252
0.061291702596299125
-1.0576747653156233
-0.4793325459454163
-1.994337707556502
0.9350913601230246
1.651732805864368
2.2112160398203295
3.0252955768686105
-2.43752386479128
0.5421958306595691
0.3441764838099872
-1.9471902440208873
-2.7361244671835068
3.1384494893540857
2.9781481133329955
-0.4856188744168315
2.7015496605907225
0.7339288490377354
-1.7240255832856444
0.7873626410447656
2.660688525526523
1.0513884368442081
-0.4793325459454163
2.5601072699838783
-2.1012052915705617
-2.0100535287350403
1.4191386524220029
2.2300750252345756
1.3688480246506805
-1.3719911888863878
-1.8120341818854584
-1.6988802693999832
-1.3185573968793578
-1.459999787486202
0.5862001299594763
1.0105273017800087
1.7271687475213522
-1.309127904172235
2.013196692970748
-0.5359095021881539
1.733455075992767
1.2085466486295902
-0.4919052028882467
2.2395045179416986
-2.9718617848615803
2.7832719307191214
-3.0692998761685173
-0.4384714108812169
2.0634873207420705
-2.1577822478132997
-2.1137779485133925
1.8780406308353186
2.123207441220515
2.566393598455294
-0.2184499143816816
-2.7078359890621377
-0.3033153487457878
-0.8848007323517026
-1.2336919625152514
